0 0.0 
1 0.0 
2 0.0 
3 0.0 
4 0.0 
5 0.0 
6 0.0 
7 0.0 
8 0.0 
9 0.0 
10 0.0 
11 2.1 
12 2.9 
13 2.9 
14 2.9 
15 2.9 
16 3.0 
17 3.0 
18 3.1 
19 3.1 
20 3.1 
21 3.1 
22 3.1 
23 3.1 
24 3.1 
25 3.1 
26 3.1 
27 3.1 
28 3.1 
29 3.1 
30 3.1 
31 3.1 
32 3.1 
33 3.1 
34 3.1 
35 3.1 
36 3.0 
37 2.6 
38 0.7 
39 0.3 
40 0.2 
41 0.1 
42 0.1 
43 0.1 
44 0.1 
45 0.1 
46 0.0 
47 0.0 
48 0.0 
49 0.0 
50 0.0 
51 0.0 
52 0.0 
53 0.0 
54 0.0 
55 0.0 
56 0.0 
57 1.6 
58 3.0 
59 3.0 
60 3.0 
61 3.0 
62 3.0 
63 3.0 
64 3.0 
65 3.0 
66 3.0 
67 3.0 
68 3.0 
69 3.0 
70 3.0 
71 3.0 
72 3.0 
73 1.5 
74 0.4 
75 0.2 
76 0.1 
77 0.1 
78 0.1 
79 0.1 
80 0.1 
81 0.0 
82 0.0 
83 0.0 
84 0.0 
85 0.0 
86 0.0 
87 0.0 
88 0.0 
89 0.0 
90 0.0 
91 0.0 
92 0.0 
93 0.0 
94 0.0 
95 0.0 
96 0.0 
97 0.0 
98 0.0 
99 0.0 
100 0.3 
101 3.0 
102 3.0 
103 3.0 
104 3.0 
105 3.0 
106 3.0 
107 3.0 
108 3.0 
109 3.0 
110 3.0 
111 3.0 
112 3.0 
113 3.0 
114 3.0 
115 3.0 
116 3.0 
117 3.0 
118 3.0 
119 1.5 
120 0.4 
121 0.2 
122 0.1 
123 0.1 
124 0.1 
125 0.1 
126 0.1 
127 0.0 
128 0.0 
129 0.0 
130 0.0 
131 0.0 
132 0.0 
133 0.0 
134 0.0 
135 0.0 
136 0.0 
137 0.0 
138 0.0 
139 0.0 
140 0.0 
141 3.0 
142 3.0 
143 3.0 
144 3.0 
145 3.0 
146 3.0 
147 3.0 
148 3.0 
149 3.1 
150 3.1 
151 3.1 
152 3.1 
153 3.1 
154 3.1 
155 3.1 
156 3.1 
157 3.1 
158 3.1 
159 3.1 
160 3.1 
161 3.1 
162 3.1 
163 3.1 
164 3.1 
165 3.2 
166 3.2 
167 3.2 
168 3.2 
169 3.2 
170 3.2 
171 3.2 
172 3.2 
173 3.2 
174 3.2 
175 3.1 
176 3.2 
177 3.1 
178 3.2 
179 3.2 
180 2.7 
181 0.8 
182 0.3 
183 0.2 
184 0.1 
185 0.1 
186 0.1 
187 0.1 
188 0.1 
189 0.1 
190 0.0 
191 0.0 
192 0.0 
193 0.0 
194 0.0 
195 0.0 
196 0.0 
197 0.0 
198 0.0 
199 0.0 
200 0.0 
201 0.0 
202 0.0 
203 0.0 
204 0.0 
205 0.0 
206 0.0 
207 0.0 
208 2.0 
209 3.1 
210 3.1 
211 3.2 
212 3.2 
213 3.2 
214 3.2 
215 3.2 
216 3.2 
217 3.2 
218 3.2 
219 3.2 
220 3.2 
221 3.2 
222 3.2 
223 3.2 
224 3.2 
225 3.2 
226 3.2 
227 3.2 
228 3.2 
229 3.2 
230 3.2 
231 3.2 
232 3.2 
233 3.2 
234 3.2 
235 3.2 
236 3.2 
237 3.2 
238 3.2 
239 3.1 
240 1.2 
241 0.4 
242 0.2 
243 0.2 
244 0.1 
245 0.1 
246 0.1 
247 0.1 
248 0.1 
249 0.0 
250 0.0 
251 0.0 
252 0.0 
253 0.0 
254 0.0 
255 0.0 
256 0.0 
257 0.0 
258 0.0 
259 0.0 
260 0.0 
261 0.0 
262 0.0 
263 0.0 
264 0.0 
265 0.0 
266 0.0 
267 0.0 
268 0.0 
269 0.0 
270 0.0 
271 0.0 
272 2.8 
273 3.2 
274 3.2 
275 3.2 
276 3.2 
277 3.2 
278 3.2 
279 3.2 
280 3.2 
281 3.2 
282 3.2 
283 3.2 
284 3.2 
285 3.2 
286 3.2 
287 3.2 
288 3.2 
289 3.2 
290 3.2 
291 3.2 
292 3.2 
293 3.2 
294 3.2 
295 3.2 
296 3.2 
297 3.2 
298 3.2 
299 3.2 
